4294967278,393
4294967278,392
172,4
172,3
172,2
172,1
4294967294,1416
171,6
171,5
171,4
171,3
171,2
171,1
170,5
170,4
170,3
170,2
170,1
169,5
169,4
169,3
169,2
169,1
168,5
168,4
168,3
168,2
168,1
4294967279,330
167,4
167,3
167,2
167,1
166,6
166,5
166,4
166,3
166,2
166,1
165,5
165,4
165,3
165,2
165,1
164,5
164,4
164,3
164,2
164,1
163,5
163,4
163,3
163,2
163,1
162,4
162,3
162,2
162,1
161,6
161,5
161,4
161,3
161,2
161,1
160,5
160,4
160,3
160,2
160,1
159,5
159,4
159,3
159,2
159,1
158,5
158,4
158,3
158,2
158,1
157,4
157,3
157,2
157,1
156,6
156,5
156,4
156,3
156,2
156,1
155,5
155,4
155,3
155,2
155,1
154,5
154,4
154,3
154,2
154,1
153,5
153,4
153,3
153,2
153,1
152,4
152,3
152,2
152,1
151,6
151,5
151,4
151,3
151,2
151,1
150,5
150,4
150,3
150,2
150,1
149,5
149,4
149,3
149,2
149,1
148,5
148,4
148,3
148,2
148,1
4294967279,329
147,4
147,3
147,2
147,1
146,6
146,5
146,4
146,3
146,2
146,1
145,5
145,4
145,3
145,2
145,1
144,5
144,4
144,3
144,2
144,1
143,5
143,4
143,3
143,2
143,1
142,4
142,3
142,2
142,1
141,6
141,5
141,4
141,3
141,2
141,1
140,5
140,4
140,3
140,2
140,1
139,5
139,4
139,3
139,2
139,1
138,5
138,4
138,3
138,2
138,1
137,4
137,3
137,2
137,1
136,6
136,5
136,4
136,3
136,2
136,1
135,5
135,4
135,3
135,2
135,1
134,5
134,4
134,3
134,2
134,1
133,5
133,4
133,3
133,2
133,1
4294967279,328
132,4
132,3
132,2
132,1
131,6
131,5
131,4
131,3
131,2
131,1
130,5
130,4
130,3
130,2
130,1
129,5
129,4
129,3
129,2
129,1
128,5
128,4
128,3
128,2
128,1
127,4
127,3
127,2
127,1
126,6
126,5
126,4
126,3
126,2
126,1
125,5
125,4
125,3
125,2
125,1
124,5
124,4
124,3
124,2
124,1
123,5
123,4
123,3
123,2
123,1
122,4
122,3
122,2
122,1
121,6
121,5
121,4
121,3
121,2
121,1
120,5
120,4
120,3
120,2
120,1
119,5
119,4
119,3
119,2
119,1
118,5
118,4
118,3
118,2
118,1
117,4
117,3
117,2
117,1
116,6
116,5
116,4
116,3
116,2
116,1
115,5
115,4
115,3
115,2
115,1
114,5
114,4
114,3
114,2
114,1
113,5
113,4
113,3
113,2
113,1
112,4
112,3
112,2
112,1
111,6
111,5
111,4
111,3
111,2
111,1
4294967294,1417
110,5
110,4
110,3
110,2
110,1
109,5
109,4
109,3
109,2
109,1
108,5
108,4
108,3
108,2
108,1
107,4
107,3
107,2
107,1
106,6
106,5
106,4
106,3
106,2
106,1
105,5
105,4
105,3
105,2
105,1
104,5
104,4
104,3
104,2
104,1
103,5
103,4
103,3
103,2
103,1
102,4
102,3
102,2
102,1
101,6
101,5
101,4
101,3
101,2
101,1
100,5
100,4
100,3
100,2
100,1
99,5
99,4
99,3
99,2
99,1
98,5
98,4
98,3
98,2
98,1
97,4
97,3
97,2
97,1
96,6
96,5
96,4
96,3
96,2
96,1
4294967279,327
95,5
95,4
95,3
95,2
95,1
94,5
94,4
94,3
94,2
94,1
93,5
93,4
93,3
93,2
93,1
92,4
92,3
92,2
92,1
91,6
91,5
91,4
91,3
91,2
91,1
90,5
90,4
90,3
90,2
90,1
89,5
89,4
89,3
89,2
89,1
88,5
88,4
88,3
88,2
88,1
87,4
87,3
87,2
87,1
86,6
86,5
86,4
86,3
86,2
86,1
85,5
85,4
85,3
85,2
85,1
84,5
84,4
84,3
84,2
84,1
83,5
83,4
83,3
83,2
83,1
4294967278,391
82,4
82,3
82,2
82,1
81,6
81,5
81,4
81,3
81,2
81,1
80,5
80,4
80,3
80,2
80,1
79,5
79,4
79,3
79,2
79,1
78,5
78,4
78,3
78,2
78,1
4294967279,326
77,4
77,3
77,2
77,1
76,6
76,5
76,4
76,3
76,2
76,1
75,5
75,4
75,3
75,2
75,1
74,5
74,4
74,3
74,2
74,1
73,5
73,4
73,3
73,2
73,1
72,4
72,3
72,2
72,1
71,6
71,5
71,4
71,3
71,2
71,1
70,5
70,4
70,3
70,2
70,1
69,5
69,4
69,3
69,2
69,1
68,5
68,4
68,3
68,2
68,1
4294967278,390
67,4
67,3
67,2
67,1
66,6
66,5
66,4
66,3
66,2
66,1
65,5
65,4
65,3
65,2
65,1
64,5
64,4
64,3
64,2
64,1
63,5
63,4
63,3
63,2
63,1
62,4
62,3
62,2
62,1
61,6
61,5
61,4
61,3
61,2
61,1
60,5
60,4
60,3
60,2
60,1
59,5
59,4
59,3
59,2
59,1
58,5
58,4
58,3
58,2
58,1
4294967279,325
4294967279,324
4294967278,389
4294967278,388
57,4
57,3
57,2
57,1
4294967294,1418
56,6
56,5
56,4
56,3
56,2
56,1
55,5
55,4
55,3
55,2
55,1
54,5
54,4
54,3
54,2
54,1
53,5
53,4
53,3
53,2
53,1
